693
13178
6728
39957
55782
38637
49948
12480
51261
16559
32195
62284
49080
52171
61815
28266
31648
38994
3459
18828
16520
12547
37109
38488
5104
4459
59700
8974
36412
42665
1935
21017
35743
12781
20527
15949
17583
31534
2281
41721
19116
43214
9303
62659
42869
48676
4097
55040
60151
9049
25272
1658
18597
40178
13829
31080
27853
30035
22901
49715
21580
34333
56426
19029
63181
51069
2504
12835
54607
4081
31674
9218
43452
33923
29740
13189
18929
42911
60354
38337
58854
2175
33766
9616
51003
56857
42246
59244
40220
43898
61068
10874
48117
49233
52903
10798
61821
39855
41799
52140
